44
51
22
55
66
88
13
88
22
85
23
-1-1
88
85
43
22
33
22
57
32
33
34
55
66
57
73
81
55
77
11
66
17
66
55
77
55
67
11
44
15
42
37
53
22
48
87
66
44
11
77
11
44
86
66
55
17
57
37
34
22
55
74
77
36
47
11
77
33
58
44
44
53
76
55
11
44
53
31
11
88
48
36
61
77
87
44
44
88
66
11
88
87
55
58
17
11
77
12
44
51
73
55
52
11
86
55
88
-1-1
22
18
26
46
33
66
11
22
77
32
52
33
44
22
66
44
55
52
11
88
41
63
88
77
35
22
76
68
44
33
41
38
66
11
74
35
24
81
55
66
33
11
66
16
45
64
24
76
55
44
44
55
22
43
55
33
75
54
37
72
62
22
53
37
77
88
77
66
11
75
55
77
25
41
13
55
13
77
71
22
38
88
66
37
12
86
88
47
82
51
27
33
66
43
22
64
36
76
82
55
72
-1-1
77
77
66
12
48
61
22
27
66
21
11
73
62
17
81
78
77
-1-1
74
34
11
28
22
32
66
72
76
21
43
68
83
66
11
44
22
83
73
41
-1-1
22
83
44
22
11
66
66
53
43
36
36
44
-1-1
22
11
72
43
22
37
45
44
-1-1
84
77
37
52
34
32
72
44
64
64
85
47
74
56
44
24
32
33
13
71
22
81
53
11
67
17
88
55
74
44
88
11
11
22
77
77
11
48
71
11
77
82
25
41
14
77
55
88
56
72
67
43
67
42
35
22
66
15
-1-1
66
44
41
26
66
33
78
48
11
61
66
22
78
46
88
14
66
22
32
26
57
87
85
21
41
21
45
88
84
66
66
88
24
11
53
11
33
15
15
33
17
62
18
55
11
33
73
11
44
37
58
27
55
58
33
-1-1
88
18
33
-1-1
15
11
85
85
42
83
75
31
88
53
-1-1
55
42
86
44
44
55
24
83
74
88
66
52
31
88
33
46
55
52
55
57
18
64
77
77
77
55
36
44
31
77
81
77
33
65
11
21
45
32
82
48
-1-1
77
55
55
72
47
66
33
63
33
72
54
46
14
11
37
51
65
55
38
38
18
87
44
22
88
-1-1
55
68
55
77
88
83
66
64
55
33
75
33
73
66
25
55
48
77
48
22
27
32
58
11
88
88
32
22
55
22
22
33
88
22
64
55
33
33
81
55
33
77
66
34
77
72
44
11
22
11
73
76
24
74
65
84
31
33
58
88
67
33
54
35
53
44
38
13
11
88
55
55
52
48
75
13
21
27
88
-1-1
53
33
-1-1
77
-1-1
41
66
51
13
18
66
33
65
74
17
22
77
23
13
66
11
36
33
51
77
81
13
37
12
66
33
54
71
85
55
73
55
33
35
-1-1
88
55
-1-1
53
48
11
88
84
66
66
36
33
11
33
32
54
52
66
41
11
46
27
35
46
55
44
47
-1-1
71
77
33
66
88
18
85
84
14
77
18
52
75
57
84
17
77
61
13
11
77
41
66
77
57
76
33
61
22
-1-1
44
33
61
88
51
85
62
56
33
44
52
13
84
78
62
17
86
13
36
82
38
88
26
26
44
22
33
84
71
88
34
-1-1
37
36
33
25
64
16
44
41
33
37
32
66
72
15
22
88
77
81
34
77
42
88
72
12
11
44
81
75
13
33
-1-1
68
33
55
65
88
62
-1-1
66
77
77
83
44
33
43
-1-1
76
22
22
77
77
27
61
28
87
-1-1
85
11
35
47
88
22
53
62
81
87
11
66
55
73
11
64
44
48
75
73
51
54
57
33
22
63
64
27
11
22
66
22
45
88
33
11
88
68
-1-1
26
83
11
-1-1
44
22
32
32
66
88
22
71
88
84
71
22
33
65
33
76
15
55
44
22
23
11
77
64
22
55
66
77
45
46
44
44
58
78
42
44
66
67
61
76
44
22
55
87
-1-1
51
55
11
57
14
53
51
66
46
15
26
33
31
66
17
85
14
37
44
18
77
16
88
18
77
64
63
66
65
22
22
74
18
44
44
77
83
88
-1-1
55
72
23
75
22
56
11
66
56
33
71
65
22
66
72
34
78
34
13
54
66
71
36
64
83
66
33
51
11
33
34
88
38
77
43
66
64
15
22
46
62
33
72
88
85
77
33
74
61
67
55
44
18
73
88
22
48
48
27
77
72
77
41
42
36
11
88
27
66
73
22
71
88
11
75
81
66
22
12
52
82
88
-1-1
33
61
77
36
73
23
66
37
11
33
66
33
47
88
71
15
34
76
44
77
74
65
75
52
33
-1-1
17
12
36
87
85
75
88
62
74
77
65
32
66
81
66
55
17
84
66
88
31
88
34
65
78
15
33
66
73
74
Answer: 48520
